:
:
:
:
:
loglines:
1 2657.140466093594368
2 2739.140466101987072
3 6040.140466085201664
4 2936.140466076808960
5 3087.140466068416256
6 3260.140466060023552
7 9013.140466051630848
8 7326.140466043238144
9 4134.140466034845440
10 5635.140466026452736
11 2094.140466018060032
12 2096.140466009667328
13 2021.140466001274624
14 2121.140465992881920
15 2033.140465984489216
16 2256.140465976096512
17 2295.140465967703808
18 2429.140465959311104
19 2639.140465950918400
20 1322.140465942525696
21 1337.140465934132992
22 1337.140465925740288
23 1394.140465917347584
24 1447.140465908954880
25 1588.140465900562176
26 1471.140465892169472
27 1464.140465883776768
28 1746.140465875384064
29 1541.140465866991360
30 1852.140465858598656
31 1939.140465850205952
32 1819.140465841813248
33 1832.140465833420544
34 1952.140465825027840
35 1834.140465816635136
36 2497.140465808242432
37 1959.140465799849728
38 2145.140465791457024
39 1886.140465783064320
40 1973.140465774671616
41 2201.140465766278912
42 2242.140465757886208
43 2142.140465749493504
44 2096.140465741100800
45 2180.140465732708096
46 2407.140465724315392
47 2303.140465715922688
48 2236.140465707529984
49 2584.140465630344960
50 2352.140465621952256
51 2496.140465613559552
52 2774.140465605166848
53 2450.140465596774144
54 2434.140465588381440
55 3379.140465579988736
56 2613.140465571596032
57 2601.140465563203328
58 2826.140465554810624
59 2720.140465546417920
60 2718.140465538025216
61 3083.140465529632512
62 2902.140465521239808
63 3277.140465512847104
64 2873.140465504454400
65 3001.140465496061696
66 3157.140465487668992
67 3051.140465479276288
68 5919.140465470883584
69 3469.140465462490880
70 4339.140465454098176
71 3927.140465445705472
72 4010.140465437312768
73 4048.140465428920064
74 3980.140465420527360
75 3465.140465412134656
76 3641.140465403741952
77 3410.140465395349248
78 4001.140465386956544
79 3510.140465378563840
80 3929.140465294800640
81 3674.140465286407936
82 3891.140465278015232
83 3667.140465269622528
84 3737.140465261229824
85 3949.140465252837120
86 3943.140465244444416
87 4124.140465160582912
88 3943.140465152190208
89 4182.140465143797504
90 4269.140465135404800
91 4045.140465127012096
92 4265.140465118619392
93 4000.140465110226688
94 19927.140465101833984
95 4344.140465093441280
96 4173.140465085048576
97 4760.140465076655872
98 4421.140465068263168
99 5215.140465059870464
100 4821.140465051477760
