:
:
:
:
:
loglines:
1 2578.140075803305728
2 2607.140075811698432
3 5703.140075794913024
4 2948.140075786520320
5 2837.140075778127616
6 1733.140075769734912
7 1440.140075761342208
8 1498.140075752949504
9 1613.140075744556800
10 10824.140075736164096
11 1849.140075727771392
12 2066.140075719378688
13 1967.140075710985984
14 2713.140075702593280
15 1852.140075694200576
16 2029.140075685807872
17 1103.140075677415168
18 1239.140075669022464
19 1518.140075660629760
20 1605.140075652237056
21 1635.140075643844352
22 1400.140075635451648
23 1418.140075627058944
24 1336.140075618666240
25 1384.140075610273536
26 1477.140075601880832
27 1679.140075593488128
28 1499.140075585095424
29 1635.140075576702720
30 1658.140075568310016
31 1691.140075559917312
32 3159.140075551524608
33 2374.140075543131904
34 2324.140075534739200
35 2438.140075526346496
36 2725.140075517953792
37 2484.140075509561088
38 2716.140075501168384
39 3430.140075492775680
40 2779.140075484382976
41 2743.140075475990272
42 2925.140075467597568
43 2838.140075459204864
44 2750.140075450812160
45 3138.140075442419456
46 2831.140075434026752
47 3182.140075425634048
48 2905.140075417241344
49 3001.140075408848640
50 2725.140075400455936
51 2536.140075392063232
52 2526.140075383670528
53 3087.140075375277824
54 2564.140075366885120
55 2673.140075358492416
56 3066.140075350099712
57 2719.140075341707008
58 2760.140075333314304
59 3048.140075324921600
60 2835.140075316528896
61 3079.140075308136192
62 2879.140075299743488
63 2932.140075291350784
64 4207.140075282958080
65 3052.140075274565376
66 3258.140075266172672
67 2979.140075257779968
68 3008.140075249387264
69 3491.140075240994560
70 3194.140075232601856
71 3483.140075224209152
72 3355.140075215816448
73 3494.140075207423744
74 3305.140075199031040
75 3323.140075190638336
76 3702.140075182245632
77 3423.140075173852928
78 3909.140075165460224
79 3739.140075157067520
80 4513.140075148674816
81 3636.140075140282112
82 4312.140075056756480
83 3791.140075048363776
84 3911.140075039971072
85 3762.140075031578368
86 4208.140075023185664
87 3874.140075014792960
88 4213.140075006400256
89 3906.140074922538752
90 4424.140074914146048
91 4032.140074905753344
92 4375.140074897360640
93 4065.140074888967936
94 4567.140074880575232
95 4280.140074872182528
96 4528.140074788321024
97 4493.140074779928320
98 4311.140074771535616
99 4605.140074763142912
100 4428.140074754750208
