:
:
:
:
:
loglines:
1 2477.140439505364736
2 2648.140439513757440
3 5690.140439496972032
4 3261.140439488579328
5 3230.140439480186624
6 1796.140439471793920
7 1591.140439463401216
8 7197.140439455008512
9 6562.140439446615808
10 1904.140439438223104
11 1891.140439429830400
12 1906.140439421437696
13 2014.140439413044992
14 2100.140439404652288
15 2151.140439396259584
16 1653.140439387866880
17 1093.140439379474176
18 1129.140439371081472
19 1263.140439362688768
20 1531.140439354296064
21 1628.140439345903360
22 1806.140439337510656
23 1285.140439329117952
24 1298.140439320725248
25 1382.140439312332544
26 1359.140439303939840
27 1582.140439295547136
28 1400.140439287154432
29 1567.140439278761728
30 1476.140439270369024
31 1542.140439261976320
32 1672.140439253583616
33 2045.140439245190912
34 1897.140439236798208
35 1793.140439228405504
36 1740.140439220012800
37 2130.140439211620096
38 1761.140439203227392
39 1783.140439194834688
40 1928.140439186441984
41 2106.140439178049280
42 1877.140439169656576
43 1937.140439161263872
44 1986.140439152871168
45 2324.140439144478464
46 2300.140439136085760
47 2664.140439127693056
48 2409.140439119300352
49 2217.140439110907648
50 2161.140439102514944
51 2210.140439094122240
52 2522.140439085729536
53 2294.140439077336832
54 2271.140439068944128
55 2695.140439060551424
56 2288.140439052158720
57 2454.140439043766016
58 2632.140439035373312
59 2429.140439026980608
60 2484.140439018587904
61 2792.140439010195200
62 2671.140439001802496
63 2579.140438921017088
64 2830.140438912624384
65 2717.140438904231680
66 2736.140438895838976
67 3037.140438887446272
68 2831.140438879053568
69 2989.140438870660864
70 3154.140438786799360
71 2864.140438778406656
72 3304.140438770013952
73 4112.140438761621248
74 3006.140438753228544
75 3272.140438744835840
76 3048.140438736443136
77 3503.140438728050432
78 3224.140438719657728
79 3410.140438711265024
80 3144.140438702872320
81 3357.140438694479616
82 3531.140438686086912
83 3256.140438677694208
84 3815.140438669301504
85 3533.140438660908800
86 4136.140438652516096
87 3515.140438644123392
88 3668.140438635730688
89 3602.140438627337984
90 3853.140438618945280
91 3540.140438610552576
92 3719.140438602159872
93 3946.140438518363904
94 3839.140438509971200
95 4042.140438501578496
96 3846.140438493185792
97 4436.140438484793088
98 3916.140438476400384
99 4298.140438468007680
100 4168.140438459614976
